tweet_id,favorites,retweets
892420643555336193,38871,8612
892177421306343426,33287,6327
891815181378084864,25087,4200
891689557279858688,42238,8726
891327558926688256,40395,9497
891087950875897856,20254,3142
890971913173991426,11872,2095
890729181411237888,65674,19088
890609185150312448,27818,4311
890240255349198849,32004,7493
890006608113172480,30705,7414
889880896479866881,27846,5018
889665388333682689,48207,10161
889638837579907072,27226,4588
889531135344209921,15120,2257
889278841981685760,25352,5486
888917238123831296,29134,4549
888804989199671297,25642,4388
888554962724278272,19950,3620
888078434458587136,21806,3530
887705289381826560,30246,5446
887517139158093824,46344,11777
887473957103951883,69238,18419
887343217045368832,33761,10509
887101392804085760,30604,6018
886983233522544640,35227,7840
886736880519319552,12093,3328
886680336477933568,22473,4512
886366144734445568,21170,3215
886267009285017600,116,4
886258384151887873,28017,6359
886054160059072513,0,104
885984800019947520,32784,6876
885528943205470208,36094,6503
885518971528720385,20471,3800
885311592912609280,0,18765
885167619883638784,21991,4426
884925521741709313,77718,18632
884876753390489601,27991,5850
884562892145688576,24346,4928
884441805382717440,27045,5714
884247878851493888,73169,20651
884162670584377345,20425,3024
883838122936631299,21950,3483
883482846933004288,46046,10066
883360690899218434,22606,3724
883117836046086144,37294,6744
882992080364220416,24000,3969
882762694511734784,28377,4982
882627270321602560,27934,6164
882268110199369728,45066,11738
882045870035918850,29431,5045
881906580714921986,24352,3431
881666595344535552,50659,10800
881633300179243008,128,7
881536004380872706,49569,16171
881268444196462592,23115,5205
880935762899988482,17037,2810
880872448815771648,21342,3861
880465832366813184,28584,6362
880221127280381952,27145,4284
880095782870896641,27679,4407
879862464715927552,22356,3538
879674319642796034,314,10
879492040517615616,23457,3223
879415818425184262,106171,44703
879376492567855104,16802,3154
879130579576475649,0,6933
879050749262655488,22646,4774
879008229531029506,19011,2728
878776093423087618,19418,4178
878604707211726852,30371,7337
878404777348136964,0,1309
878316110768087041,0,6746
878281511006478336,7773,1309
878057613040115712,42151,6933
877736472329191424,80213,19443
877611172832227328,0,81
877556246731214848,22833,3880
877316821321428993,27431,5255
877201837425926144,27223,5682
876838120628539392,20739,3411
876537666061221889,23512,4678
876484053909872640,18825,2436
876120275196170240,28020,4768
875747767867523072,25283,4362
875144289856114688,21998,5003
875097192612077568,27518,6142
875021211251597312,25573,4792
874680097055178752,27962,4721
874434818259525634,0,15045
874296783580663808,26165,4189
874057562936811520,22753,4026
874012996292530176,34860,10657
873580283840344065,24376,4024
873337748698140672,0,1619
873213775632977920,7304,1619
872967104147763200,27543,5508
872820683541237760,14800,3771
872668790621863937,0,28
872620804844003328,20915,3782
872486979161796608,40961,9195
872261713294495745,34479,6468
872122724285648897,34691,8305
871879754684805121,38335,11480
871762521631449091,20424,3559
871515927908634625,20382,3535
871166179821445120,0,5822
871102520638267392,21098,5613
871032628920680449,22859,3895
870804317367881728,33971,6378
870726314365509632,120,3
870656317836468226,12562,2716
870374049280663552,83539,26935
870308999962521604,22052,4265
870063196459192321,37087,8593
869772420881756160,42905,10341
869702957897576449,28585,6513
869596645499047938,16184,3224
869227993411051520,20702,3908
868880397819494401,66537,14969
868639477480148993,0,2166
868622495443632128,27624,5954
868552278524837888,10326,2166
867900495410671616,24540,4319
867774946302451713,34522,7577
867421006826221569,16426,2605
867072653475098625,0,131
867051520902168576,32795,8164
866720684873056260,20461,5012
866686824827068416,19707,3621
866450705531457537,124491,36576
866334964761202691,53648,15045
866094527597207552,0,8687
865718153858494464,26117,5826
865359393868664832,27026,5207
865006731092295680,28569,7987
864873206498414592,33004,9096
864279568663928832,14935,3175
864197398364647424,30857,9351
863907417377173506,21083,4317
863553081350529029,15633,4348
863471782782697472,0,2587
863432100342583297,24350,5514
863427515083354112,2314,101
863079547188785154,8953,1151
863062471531167744,8750,2587
862831371563274240,19645,5307
862722525377298433,17489,3699
862457590147678208,21068,5196
862096992088072192,76555,24403
861383897657036800,37016,11211
861288531465048066,17655,4372
861005113778896900,17173,3994
860981674716409858,0,2260
860924035999428608,0,854
860563773140209665,7715,2260
860524505164394496,24248,5535
860276583193509888,18800,3642
860184849394610176,17159,6134
860177593139703809,0,32431
859924526012018688,20098,4300
859851578198683649,15828,3670
859607811541651456,19123,1654
859196978902773760,92721,31816
859074603037188101,34931,14309
858860390427611136,0,8557
858843525470990336,16018,3656
858471635011153920,22176,5094
858107933456039936,16224,3064
857989990357356544,16627,2723
857746408056729600,35354,11195
857393404942143489,6114,1720
857263160327368704,20649,4778
857214891891077121,238,20
857062103051644929,0,179
857029823797047296,19559,4231
856602993587888130,0,11312
856543823941562368,16842,3049
856526610513747968,12225,1992
856330835276025856,0,717
856288084350160898,535,17
856282028240666624,28621,6684
855862651834028034,361,28
855860136149123072,5120,1099
855857698524602368,12255,2246
855851453814013952,47061,18729
855818117272018944,27555,5777
855459453768019968,31084,8743
855245323840757760,0,6356
855138241867124737,0,49
854732716440526848,23740,6504
854482394044301312,30526,7349
854365224396361728,19668,5012
854120357044912130,33265,8003
854010172552949760,16867,3356
853760880890318849,29838,6210
853639147608842240,36461,10883
853299958564483072,16223,3820
852936405516943360,0,2171
852912242202992640,9459,1977
852672615818899456,15622,2307
852553447878664193,17155,3775
852311364735569921,34706,10650
852226086759018497,20955,7346
852189679701164033,12004,1700
851953902622658560,0,10391
851861385021730816,0,23
851591660324737024,17007,3732
851464819735769094,25487,7624
851224888060895234,21705,6178
850753642995093505,32669,10049
850380195714523136,13723,2823
850333567704068097,3587,361
850145622816686080,17187,4132
850019790995546112,21542,5305
849776966551130114,32087,8234
849668094696017920,0,5375
849412302885593088,16729,3393
849336543269576704,12046,2047
849051919805034497,44738,9249
848690551926992896,26613,4683
848324959059550208,26139,4997
848213670039564288,8637,813
848212111729840128,17274,3343
847978865427394560,0,3540
847971574464610304,0,467
847962785489326080,24817,5565
847842811428974592,5807,1466
847617282490613760,7415,456
847606175596138505,19828,3671
847251039262605312,21611,4656
847157206088847362,21154,6368
847116187444137987,22677,3473
846874817362120707,21270,4276
846514051647705089,47366,12646
846505985330044928,14994,3377
846153765933735936,33676,9876
846139713627017216,32679,10708
846042936437604353,16950,3141
845812042753855489,31082,9547
845677943972139009,26637,5218
845397057150107648,8093,1992
845306882940190720,24755,5878
845098359547420673,0,8391
844979544864018432,14468,2829
844973813909606400,16071,3516
844704788403113984,41178,11312
844580511645339650,17495,3428
844223788422217728,14478,2397
843981021012017153,16041,3196
843856843873095681,22755,5064
843604394117681152,17952,2993
843235543001513987,22865,6628
842846295480000512,16174,3922
842765311967449089,7185,1401
842535590457499648,19254,3831
842163532590374912,26093,6356
842115215311396866,14923,3311
841833993020538882,0,16910
841680585030541313,27302,8502
841439858740625411,13476,4033
841320156043304961,21047,5951
841314665196081154,16939,5164
841077006473256960,24447,5822
840761248237133825,0,1926
840728873075638272,0,17782
840698636975636481,195,3
840696689258311684,13126,1086
840632337062862849,9579,1926
840370681858686976,17581,5011
840268004936019968,20578,6302
839990271299457024,14350,2531
839549326359670784,29423,8557
839290600511926273,0,155
839239871831150596,29076,7208
838952994649550848,20980,4390
838921590096166913,11943,2284
838916489579200512,0,37
838831947270979586,0,12216
838561493054533637,11667,1465
838476387338051585,24210,5320
838201503651401729,0,11176
838150277551247360,1794,358
838085839343206401,149,0
838083903487373313,18860,3469
837820167694528512,36593,8687
837482249356513284,4115,488
837471256429613056,13720,2552
837366284874571778,22625,5842
837110210464448512,17135,2649
836989968035819520,13627,2538
836753516572119041,20616,5096
836677758902222849,13505,2451
836648853927522308,0,608
836397794269200385,0,30474
836380477523124226,15765,3244
836260088725786625,22761,4733
836001077879255040,20491,4769
835685285446955009,0,9052
835574547218894849,19100,4010
835536468978302976,0,1882
835309094223372289,0,23286
835297930240217089,17564,3303
835264098648616962,8332,1882
835246439529840640,2237,81
835172783151792128,28017,6360
835152434251116546,24101,3354
834931633769889797,11625,1824
834786237630337024,22630,6036
834574053763584002,14719,2806
834477809192075265,0,11816
834458053273591808,10322,1855
834209720923721728,22127,5305
834167344700198914,16898,4022
834089966724603904,10782,2356
834086379323871233,14016,2454
833863086058651648,14395,2665
833826103416520705,16463,3812
833732339549220864,0,241
833722901757046785,22198,3552
833479644947025920,15967,2290
833124694597443584,21717,5375
832998151111966721,14302,2457
832769181346996225,0,42
832757312314028032,18085,4018
832682457690300417,12773,3270
832645525019123713,3138,577
832636094638288896,17056,3110
832397543355072512,12864,2474
832369877331693569,18451,3540
832273440279240704,12151,2596
832215909146226688,0,6877
832215726631055365,0,10413
832088576586297345,72,2
832040443403784192,0,10814
832032802820481025,19227,5181
831939777352105988,25847,6834
831926988323639298,367,36
831911600680497154,29782,7260
831670449226514432,11243,2015
831650051525054464,7732,2171
831552930092285952,9701,2557
831322785565769729,9875,1698
831315979191906304,6999,1235
831309418084069378,12595,2710
831262627380748289,12825,2284
830956169170665475,8583,1678
830583320585068544,72088,18765
830173239259324417,0,6360
830097400375152640,10594,3350
829878982036299777,0,5594
829861396166877184,13190,2187
829501995190984704,34214,11816
829449946868879360,11300,2265
829374341691346946,37365,10391
829141528400556032,26445,8265
829011960981237760,57155,18093
828801551087042563,0,3792
828770345708580865,27581,6555
828708714936930305,39501,12506
828650029636317184,10271,1498
828409743546925057,6777,1280
828408677031882754,8253,1430
828381636999917570,13624,2481
828376505180889089,7982,1186
828372645993398273,13522,3263
828361771580813312,2368,191
828046555563323392,12713,3186
828011680017821696,11178,2391
827933404142436356,21768,5838
827653905312006145,16691,3347
827600520311402496,8012,1054
827324948884643840,17163,3417
827199976799354881,11438,2505
826958653328592898,23339,5594
826848821049180160,39499,11478
826615380357632002,0,4401
826598799820865537,5532,285
826598365270007810,10892,2625
826476773533745153,19920,4688
826240494070030336,14345,2890
826204788643753985,5271,1049
826115272272650244,16966,3500
825876512159186944,11321,2093
825829644528148480,13774,2783
825535076884762624,56283,19235
825147591692263424,19818,5116
825120256414846976,0,1442
825026590719483904,6890,1442
824796380199809024,0,6140
824775126675836928,16218,3947
824663926340194305,10907,1943
824325613288833024,12767,11607
824297048279236611,16287,4324
824025158776213504,5166,665
823939628516474880,11536,3031
823719002937630720,0,12617
823699002998870016,13623,2702
823581115634085888,14125,2967
823333489516937216,758,29
823322678127919110,17086,4514
823269594223824897,0,11062
822975315408461824,18773,3859
822872901745569793,143627,49258
822859134160621569,14313,2559
822647212903690241,0,7185
822610361945911296,16003,3323
822489057087389700,19700,7185
822462944365645825,31098,16593
822244816520155136,38036,11062
822163064745328640,0,5411
821886076407029760,12342,2631
821813639212650496,0,3748
821765923262631936,9157,1864
821522889702862852,8701,1980
821421320206483457,0,6276
821407182352777218,12808,4900
821153421864615936,275,10
821149554670182400,9501,2263
821107785811234820,10440,2395
821044531881721856,13736,2570
820837357901512704,0,7512
820749716845686786,34319,11176
820690176645140481,13276,3624
820494788566847489,0,633
820446719150292993,0,2904
820314633777061888,3629,633
820078625395449857,21524,7058
820013781606658049,0,1328
819952236453363712,5796,1328
819924195358416896,14002,5446
819711362133872643,14620,3523
819588359383371776,10396,2214
819347104292290561,7852,1349
819238181065359361,2493,453
819227688460238848,25136,7512
819015337530290176,0,41104
819015331746349057,0,21206
819006400881917954,49061,21206
819004803107983360,93834,41104
818646164899774465,0,23426
818627210458333184,24154,8359
818614493328580609,10740,2904
818588835076603904,0,6931
818536468981415936,11896,2787
818307523543449600,0,9130
818259473185828864,11981,2561
818145370475810820,13386,2921
817908911860748288,5257,889
817827839487737858,56513,30474
817777686764523521,11650,2998
817536400337801217,12847,3412
817502432452313088,0,3814
817423860136083457,37354,16910
817415592588222464,6123,1083
817181837579653120,0,9579
817171292965273600,9500,2259
817120970343411712,13213,2947
817056546584727552,9332,1859
816829038950027264,0,5319
816816676327063552,10889,2298
816697700272001025,10675,2476
816450570814898180,33328,9130
816336735214911488,9380,2204
816091915477250048,9726,2425
816062466425819140,0,1180
816014286006976512,0,5986
815990720817401858,5443,1180
815966073409433600,24523,9579
815745968457060357,0,4649
815736392542261248,10721,2552
815639385530101762,8974,1856
815390420867969024,11257,4283
814986499976527872,8323,1459
814638523311648768,12292,3053
814578408554463233,0,6557
814530161257443328,9459,2092
814153002265309185,31368,9795
813944609378369540,0,3638
813910438903693312,10129,2121
813812741911748608,39646,15798
813800681631023104,9115,1991
813217897535406080,20388,8223
813202720496779264,10002,2030
813187593374461952,21660,4922
813172488309972993,10197,2167
813157409116065792,8451,2494
813142292504645637,9188,2656
813130366689148928,4873,499
813127251579564032,12970,3540
813112105746448384,11282,3118
813096984823349248,11487,4081
813081950185472002,10787,3123
813066809284972545,8687,2194
813051746834595840,22869,8250
812781120811126785,8260,2152
812747805718642688,0,7845
812709060537683968,7229,1613
812503143955202048,6652,1381
812466873996607488,8733,2174
812372279581671427,14950,4140
811985624773361665,7948,1589
811744202451197953,8252,1823
811647686436880384,6087,837
811627233043480576,13997,3540
811386762094317568,22826,7226
810984652412424192,5835,1612
810896069567610880,9886,2022
810657578271330305,11984,2982
810284430598270976,38792,12945
810254108431155201,16056,3792
809920764300447744,16919,4401
809808892968534016,0,5550
809448704142938112,7578,1661
809220051211603969,21798,6360
809084759137812480,14437,3955
808838249661788160,11039,3433
808733504066486276,8632,2442
808501579447930884,12336,2924
808344865868283904,46467,23426
808134635716833280,0,6741
808106460588765185,9530,2463
808001312164028416,13748,3990
807621403335917568,15951,4157
807106840509214720,123206,61256
807059379405148160,0,8288
807010152071229440,14250,4304
806629075125202948,82337,39566
806620845233815552,0,6235
806576416489959424,5288,2179
806542213899489280,11166,2682
806242860592926720,0,13226
806219024703037440,7004,1356
805958939288408065,0,6063
805932879469572096,9028,2145
805826884734976000,7189,2070
805823200554876929,0,9109
805520635690676224,6265,1870
805487436403003392,9583,2858
805207613751304193,8510,1919
804738756058218496,15034,4351
804475857670639616,6741,2274
804413760345620481,0,3632
804026241225523202,48820,18332
803773340896923648,11003,3129
803692223237865472,0,8412
803638050916102144,12020,4688
803380650405482500,8471,2101
803321560782307329,0,6040
803276597545603072,10980,2791
802952499103731712,9883,2265
802624713319034886,0,3307
802600418706604034,7798,1661
802572683846291456,9789,2835
802323869084381190,17783,6612
802265048156610565,6936,1536
802239329049477120,9929,2942
802185808107208704,0,305
801958328846974976,8450,1930
801854953262350336,1924,263
801538201127157760,8960,2328
801285448605831168,6645,937
801167903437357056,26862,6741
801127390143516673,0,4497
801115127852503040,8837,2362
800859414831898624,757,109
800855607700029440,0,1841
800751577355128832,11489,3130
800513324630806528,14400,3402
800459316964663297,10344,2424
800443802682937345,0,4900
800388270626521089,12212,3161
800188575492947969,0,4449
800141422401830912,16757,2904
800018252395122689,31122,14917
799774291445383169,0,5319
799757965289017345,9208,2443
799422933579902976,8804,2158
799308762079035393,0,6276
799297110730567681,10859,3144
799063482566066176,8859,2785
798933969379225600,14432,5069
798925684722855936,8124,1623
798705661114773508,0,7493
798701998996647937,0,8848
798697898615730177,0,7374
798694562394996736,0,5634
798686750113755136,0,2627
798682547630837760,0,5364
798673117451325440,0,6301
798665375516884993,0,4407
798644042770751489,0,2093
798628517273620480,0,2219
798585098161549313,0,6464
798576900688019456,0,6670
798340744599797760,0,3811
798209839306514432,11356,2884
797971864723324932,12774,3562
797545162159308800,15901,5489
797236660651966464,21917,7500
797165961484890113,253,32
796904159865868288,0,10101
796865951799083009,8405,2147
796759840936919040,13011,3465
796563435802726400,0,8290
796484825502875648,8310,1994
796387464403357696,12089,4712
796177847564038144,0,16216
796149749086875649,35510,16216
796125600683540480,5422,2021
796116448414461957,9951,2738
796080075804475393,9253,2620
796031486298386433,11842,4181
795464331001561088,54637,26969
795400264262053889,11072,3241
795076730285391872,17792,6140
794983741416415232,0,3815
794926597468000259,11271,2623
794355576146903043,0,11656
794332329137291264,10478,2993
794205286408003585,10100,3768
793962221541933056,18477,5550
793845145112371200,10090,2122
793614319594401792,0,3539
793601777308463104,8737,1850
793500921481273345,11728,2698
793286476301799424,27009,10413
793271401113350145,9469,2670
793256262322548741,21906,9427
793241302385262592,11557,3713
793226087023144960,10786,3232
793210959003287553,9801,3195
793195938047070209,16739,6356
793180763617361921,7578,2243
793165685325201412,10305,3152
793150605191548928,6771,1934
793135492858580992,7080,2808
793120401413079041,13909,4412
792913359805018113,15745,4553
792883833364439040,12400,4832
792773781206999040,8051,1905
792394556390137856,14813,4857
792050063153438720,7877,2031
791821351946420224,0,23798
791784077045166082,0,10943
791780927877898241,0,4300
791774931465953280,49417,25166
791672322847637504,12876,3539
791406955684368384,14396,4649
791312159183634433,9637,2867
791026214425268224,0,4674
790987426131050500,10863,2415
790946055508652032,18214,5319
790723298204217344,0,2624
790698755171364864,8995,2154
790581949425475584,22665,8099
790337589677002753,8577,2108
790277117346975746,13772,3638
790227638568808452,0,4055
789986466051088384,10158,2624
789960241177853952,0,4704
789903600034189313,11395,4677
789628658055020548,8270,2012
789599242079838210,7442,2187
789530877013393408,12892,3815
789314372632018944,9435,2609
789280767834746880,0,5599
789268448748703744,10007,2930
789137962068021249,10645,3153
788908386943430656,30013,14021
788765914992902144,30062,11656
788552643979468800,0,8177
788412144018661376,17101,6004
788178268662984705,7938,2410
788150585577050112,6740,1476
788070120937619456,0,3854
788039637453406209,6724,1494
787810552592695296,9513,3444
787717603741622272,11190,3142
787397959788929025,11873,3197
787322443945877504,8545,1974
787111942498508800,0,7570
786963064373534720,29100,9052
786729988674449408,0,2737
786709082849828864,19907,6877
786664955043049472,11691,2903
786595970293370880,10293,3505
786363235746385920,11948,3958
786286427768250368,8754,3240
786233965241827333,16802,5411
786051337297522688,1577,174
786036967502913536,0,7984
785927819176054784,12454,3563
785872687017132033,7317,2063
785639753186217984,8543,2496
785533386513321988,9994,2274
785515384317313025,6671,1430
785264754247995392,7959,1851
785170936622350336,13258,5496
784826020293709826,11115,3632
784517518371221505,9827,2864
784431430411685888,6218,1447
784183165795655680,22038,9109
784057939640352768,32748,12617
783839966405230592,32931,12216
783821107061198850,8057,2217
783695101801398276,11420,3628
783466772167098368,9265,2543
783391753726550016,18496,6218
783347506784731136,0,6332
783334639985389568,31988,13226
783085703974514689,8916,2497
782969140009107456,26404,8288
782747134529531904,8162,1569
782722598790725632,18877,6063
782598640137187329,8529,2121
782305867769217024,18232,6276
782021823840026624,0,7036
781955203444699136,12129,3792
781661882474196992,11420,3053
781655249211752448,4377,1258
781524693396357120,22699,6235
781308096455073793,7799,2866
781251288990355457,9244,2369
781163403222056960,10673,3071
780931614150983680,23650,8290
780858289093574656,7855,2248
780800785462489090,6033,1461
780601303617732608,13224,3748
780543529827336192,6889,1956
780496263422808064,0,4193
780476555013349377,0,133
780459368902959104,5775,1197
780192070812196864,9524,2524
780092040432480260,0,2585
780074436359819264,13403,5631
779834332596887552,20799,7984
779377524342161408,9643,3510
779124354206535695,0,20727
779123168116150273,12896,4097
779056095788752897,16168,5095
778990705243029504,21883,8206
778774459159379968,0,11206
778764940568104960,936,412
778748913645780993,7538,1503
778650543019483137,6310,1681
778624900596654080,5073,1137
778408200802557953,14878,4888
778396591732486144,0,13775
778383385161035776,6382,1237
778286810187399168,11330,3723
778039087836069888,9248,2973
778027034220126208,7164,1829
777953400541634568,0,3959
777885040357281792,6936,1845
777684233540206592,12263,3307
777641927919427584,0,4797
777621514455814149,9546,2808
777189768882946048,15608,4854
776819012571455488,0,15408
776813020089548800,5323,1359
776477788987613185,9668,3151
776249906839351296,0,10314
776218204058357768,32722,17956
776201521193218049,10459,2827
776113305656188928,12821,4900
776088319444877312,2002,171
775898661951791106,0,17376
775842724423557120,12760,3015
775733305207554048,15095,4497
775729183532220416,14084,5153
775364825476165632,8120,3356
775350846108426240,11068,4401
775085132600442880,16946,5319
774757898236878852,9293,1981
774639387460112384,7326,1953
774314403806253056,23716,6276
773985732834758656,11703,4361
773922284943896577,6962,1939
773704687002451968,7184,1835
773670353721753600,5803,1454
773547596996571136,24027,6931
773336787167145985,0,5729
773308824254029826,25282,8391
773247561583001600,10206,3594
773191612633579521,10884,4607
772877495989305348,9353,4361
772826264096874500,8686,2607
772615324260794368,0,3779
772581559778025472,7056,1905
772193107915964416,6539,1555
772152991789019136,4105,1262
772117678702071809,4081,819
772114945936949249,2948,527
772102971039580160,4362,1037
771908950375665664,7157,2119
771770456517009408,13083,3811
771500966810099713,8997,2932
771380798096281600,11475,5729
771171053431250945,0,8465
771136648247640064,10006,3271
771102124360998913,6764,1610
771014301343748096,7489,1852
771004394259247104,0,246
770787852854652928,5396,1371
770772759874076672,5647,1583
770743923962707968,0,50987
770655142660169732,7971,1959
770414278348247044,6851,2310
770293558247038976,6782,1670
770093767776997377,0,3410
770069151037685760,8241,2580
769940425801170949,34235,10814
769695466921623552,6959,1863
769335591808995329,0,8599
769212283578875904,5874,1919
768970937022709760,15677,7333
768909767477751808,0,3031
768855141948723200,4571,1002
768609597686943744,4477,1349
768596291618299904,5474,1433
768554158521745409,0,6524
768473857036525572,14798,3838
768193404517830656,11867,3959
767884188863397888,5177,1576
767754930266464257,17439,6040
767500508068192258,8139,2611
767191397493538821,13351,4274
767122157629476866,10994,3187
766864461642756096,0,6338
766793450729734144,5530,1523
766714921925144576,2822,428
766693177336135680,4393,884
766423258543644672,6544,1777
766313316352462849,7362,2112
766078092750233600,0,2895
766069199026450432,4651,976
766008592277377025,4061,554
765719909049503744,7861,2406
765669560888528897,5642,1361
765395769549590528,28588,3781
765371061932261376,7696,2406
765222098633691136,12633,3779
764857477905154048,6961,1970
764259802650378240,6582,1699
763956972077010945,798,61
763837565564780549,13710,4674
763183847194451968,5890,1653
763167063695355904,0,3379
763103485927849985,7988,2539
762699858130116608,13231,4055
762471784394268675,12267,7295
762464539388485633,11247,4704
762316489655476224,5243,1258
762035686371364864,34739,17436
761976711479193600,5876,2252
761750502866649088,0,4404
761745352076779520,4623,954
761672994376806400,53740,32431
761599872357261312,4488,1310
761371037149827077,0,19968
761334018830917632,5670,1613
761292947749015552,4851,1229
761227390836215808,5780,1725
761004547850530816,12226,3854
760893934457552897,4149,1080
760656994973933572,7171,2144
760641137271070720,5376,1440
760539183865880579,8224,4045
760521673607086080,4598,1560
760290219849637889,29048,12803
760252756032651264,4274,964
760190180481531904,6203,2016
760153949710192640,0,37
759943073749200896,6451,2326
759923798737051648,15938,6338
759846353224826880,7287,2211
759793422261743616,6477,2124
759566828574212096,0,23608
759557299618865152,5101,1306
759447681597108224,9231,2737
759446261539934208,1815,546
759197388317847553,6573,2165
759159934323924993,0,1308
759099523532779520,15760,4673
759047813560868866,7068,2243
758854675097526272,3843,994
758828659922702336,12127,4261
758740312047005698,6209,1778
758474966123810816,4137,1101
758467244762497024,5215,2474
758405701903519748,5641,2138
758355060040593408,3720,1206
758099635764359168,20833,11206
758041019896193024,2944,421
757741869644341248,7462,3607
757729163776290825,0,9051
757725642876129280,4923,1359
757611664640446465,4934,1240
757597904299253760,0,323
757596066325864448,4726,1178
757400162377592832,16430,7578
757393109802180609,6329,1942
757354760399941633,4903,1584
756998049151549440,6790,2209
756939218950160384,7207,2230
756651752796094464,5501,1471
756526248105566208,11283,4037
756303284449767430,4285,1200
756288534030475264,45855,19399
756275833623502848,6972,1700
755955933503782912,7939,3198
755206590534418437,17828,5979
755110668769038337,22969,12307
754874841593970688,0,8928
754856583969079297,7445,2799
754747087846248448,2791,580
754482103782404096,5745,2159
754449512966619136,4073,818
754120377874386944,8484,2587
754011816964026368,9530,4000
753655901052166144,6335,2426
753420520834629632,8570,3968
753398408988139520,6270,2126
753375668877008896,8237,2585
753298634498793472,0,6420
753294487569522689,3689,1156
753039830821511168,40195,23286
753026973505581056,4215,1082
752932432744185856,13670,7570
752917284578922496,7443,1744
752701944171524096,0,3199
752682090207055872,6515,1787
752660715232722944,4778,1745
752568224206688256,6013,2539
752519690950500352,7979,3814
752334515931054080,4137,1224
752309394570878976,0,18512
752173152931807232,6442,2050
751950017322246144,3342,1033
751937170840121344,5656,1488
751830394383790080,6284,2168
751793661361422336,6345,3243
751598357617971201,8534,3357
751583847268179968,4777,1238
751538714308972544,5441,1401
751456908746354688,3463,1097
751251247299190784,13527,6516
751205363882532864,6816,2030
751132876104687617,5509,1444
750868782890057730,5186,1545
750719632563142656,14301,5599
750506206503038976,4820,1275
750429297815552001,14256,4797
750383411068534784,4909,1262
750381685133418496,744,35
750147208377409536,3340,1070
750132105863102464,3919,1400
750117059602808832,4663,1436
750101899009982464,3294,932
750086836815486976,2343,602
750071704093859840,8471,3705
750056684286914561,3378,984
750041628174217216,3431,686
750026558547456000,2931,872
750011400160841729,3506,1006
749996283729883136,3266,891
749981277374128128,5518,2711
749774190421639168,5021,1453
749417653287129088,6597,1853
749403093750648834,2834,607
749395845976588288,9291,3841
749317047558017024,5927,2450
749075273010798592,6230,2297
749064354620928000,5180,1676
749036806121881602,3347,865
748977405889503236,11591,3781
748932637671223296,6319,2491
748705597323898880,2986,1042
748699167502000129,5113,1767
748692773788876800,4576,1472
748575535303884801,6556,2206
748568946752774144,2356,747
748346686624440324,5628,1368
748337862848962560,8281,4568
748324050481647620,3998,845
748307329658011649,3966,792
748220828303695873,15237,8617
747963614829678593,6258,2383
747933425676525569,7150,2822
747885874273214464,3183,1093
747844099428986880,3025,824
747816857231626240,5233,1284
747651430853525504,1488,174
747648653817413632,13904,6453
747600769478692864,2503,603
747594051852075008,3972,1168
747512671126323200,5992,1748
747461612269887489,4172,1145
747439450712596480,5862,2130
747242308580548608,0,3182
747219827526344708,5686,1739
747204161125646336,3649,1011
747103485104099331,10331,4427
746906459439529985,3109,328
746872823977771008,6446,2369
746818907684614144,5699,1895
746790600704425984,5240,1762
746757706116112384,10275,4300
746726898085036033,6498,1977
746542875601690625,5416,2055
746521445350707200,0,1085
746507379341139972,4998,1193
746369468511756288,6505,1814
746131877086527488,7416,2433
746056683365994496,3817,907
745789745784041472,4349,1174
745712589599014916,7502,2565
745433870967832576,7648,2803
745422732645535745,9223,2695
745314880350101504,7702,3060
745074613265149952,8417,3875
745057283344719872,7785,2522
744995568523612160,3215,692
744971049620602880,8469,2962
744709971296780288,6018,1714
744334592493166593,7259,2363
744234799360020481,128468,77523
744223424764059648,1828,413
743980027717509120,4464,1202
743895849529389061,3916,1053
743835915802583040,0,2311
743609206067040256,4817,1513
743595368194129920,19848,7239
743545585370791937,3779,1037
743510151680958465,8478,4069
743253157753532416,4536,1332
743222593470234624,6661,2103
743210557239623680,4117,1506
742534281772302336,7567,3904
742528092657332225,4778,2189
742465774154047488,7785,4265
742423170473463808,10582,4193
742385895052087300,7304,2192
742161199639494656,4660,1510
742150209887731712,5532,1721
741793263812808706,4888,1661
741743634094141440,8771,3039
741438259667034112,3943,918
741303864243200000,9432,3556
741099773336379392,10756,6081
741067306818797568,10132,3410
740995100998766593,6874,3047
740711788199743490,3658,1028
740699697422163968,3044,859
740676976021798912,19467,7493
740373189193256964,37245,14653
740365076218183684,2664,481
740359016048689152,3542,940
740214038584557568,7176,2163
739979191639244800,21405,6524
739932936087216128,4351,1184
739844404073074688,4062,934
739623569819336705,4094,1502
739606147276148736,5782,1821
739544079319588864,42711,23608
739485634323156992,7734,3227
739238157791694849,73488,50987
738891149612572673,115,6
738885046782832640,4038,1250
738883359779196928,3588,892
738537504001953792,5462,1717
738402415918125056,3511,934
738184450748633089,4630,1327
738166403467907072,9434,3743
738156290900254721,2711,726
737826014890496000,5645,1949
737800304142471168,10706,3805
737678689543020544,5410,1468
737445876994609152,11060,4908
737322739594330112,3867,882
737310737551491075,15736,8134
736736130620620800,4630,1917
736392552031657984,19037,8176
736365877722001409,4289,1369
736225175608430592,8713,3038
736010884653420544,8475,3263
735991953473572864,3862,1260
735648611367784448,4308,1198
735635087207878657,6632,2590
735274964362878976,13943,5588
735256018284875776,3598,966
735137028879360001,3352,1058
734912297295085568,2926,564
734787690684657664,13453,6909
734776360183431168,2686,592
734559631394082816,1605,432
733828123016450049,3852,854
733822306246479872,3936,1105
733482008106668032,3363,1041
733460102733135873,4509,1407
733109485275860992,45483,17376
732732193018155009,2611,586
732726085725589504,3785,967
732585889486888962,3946,848
732375214819057664,8644,2755
732005617171337216,15977,5986
731285275100512256,3731,1075
731156023742988288,4102,1391
730924654643314689,6561,2172
730573383004487680,5278,2367
730427201120833536,3718,1144
730211855403241472,4096,1150
730196704625098752,5228,2116
729854734790754305,4307,1223
729838605770891264,1824,418
729823566028484608,4267,1359
729463711119904772,6216,2520
729113531270991872,2017,360
728986383096946689,3393,893
728760639972315136,4994,1852
728751179681943552,2991,741
728653952833728512,3544,1139
728409960103686147,5272,2204
728387165835677696,3933,1045
728046963732717569,4620,1286
728035342121635841,4860,1835
728015554473250816,4396,1195
727685679342333952,3134,696
727644517743104000,6305,1914
727524757080539137,4785,1339
727314416056803329,3550,816
727286334147182592,3246,898
727175381690781696,4137,1495
727155742655025152,3894,1450
726935089318363137,7353,2676
726887082820554753,4104,1645
726828223124897792,3796,1099
726224900189511680,4718,1270
725842289046749185,7539,2895
725786712245440512,4451,1487
725729321944506368,5541,1948
725458796924002305,1509,680
724983749226668032,3960,1429
724771698126512129,2537,700
724405726123311104,5679,1803
724049859469295616,4631,1934
724046343203856385,2849,607
724004602748780546,4476,1733
723912936180330496,4145,1342
723688335806480385,8249,3258
723673163800948736,3234,976
723179728551723008,5658,2053
722974582966214656,4392,1718
722613351520608256,5292,1790
721503162398597120,4987,2054
721001180231503872,2695,670
720785406564900865,3329,843
720775346191278080,2644,743
720415127506415616,4406,1633
720389942216527872,6846,2761
720340705894408192,3065,1065
720059472081784833,4157,1238
720043174954147842,5227,2188
719991154352222208,5161,1915
719704490224398336,4873,1588
719551379208073216,5401,2116
719367763014393856,2978,805
719339463458033665,4708,1366
719332531645071360,3644,1044
718971898235854848,3728,1203
718939241951195136,5602,1918
718631497683582976,20243,8848
718613305783398402,2618,527
718540630683709445,2661,1105
718460005985447936,2886,582
718454725339934721,5209,1644
718246886998687744,2058,548
718234618122661888,4131,1091
717841801130979328,2618,651
717790033953034240,3101,1236
717537687239008257,6156,2013
717428917016076293,1709,497
717421804990701568,3373,923
717047459982213120,6689,2084
717009362452090881,3495,1071
716802964044845056,4555,1281
716791146589110272,5902,1518
716730379797970944,1309,460
716447146686459905,14018,6428
716439118184652801,2521,241
716285507865542656,2972,1193
716080869887381504,5218,1905
715928423106027520,3420,957
715758151270801409,3989,1557
715733265223708672,4980,1856
715704790270025728,2992,617
715696743237730304,4169,1413
715680795826982913,4618,1773
715360349751484417,5842,1717
715342466308784130,3228,747
715220193576927233,2572,716
715200624753819648,5468,2058
715009755312439296,4449,1354
714982300363173890,4010,1132
714962719905021952,7857,4679
714957620017307648,4417,1551
714631576617938945,3491,1092
714606013974974464,3867,1018
714485234495041536,2896,1273
714258258790387713,3214,785
714251586676113411,3494,918
714214115368108032,2431,962
714141408463036416,4591,1531
713919462244790272,3490,850
713909862279876608,2042,598
713900603437621249,3017,812
713761197720473600,5200,1502
713411074226274305,4708,1410
713177543487135744,7693,3104
713175907180089344,4760,1589
712809025985978368,19904,7374
712717840512598017,13220,5457
712668654853337088,4443,1329
712438159032893441,5687,1707
712309440758808576,261,25
712097430750289920,4058,1137
712092745624633345,3144,987
712085617388212225,3454,535
712065007010385924,2421,688
711998809858043904,0,137
711968124745228288,8606,2526
711743778164514816,3035,1076
711732680602345472,9526,4517
711694788429553666,35124,19968
711652651650457602,4133,1004
711363825979756544,3913,1248
711306686208872448,3534,798
711008018775851008,3202,685
710997087345876993,4860,1520
710844581445812225,2727,748
710833117892898816,2882,588
710658690886586372,2468,618
710609963652087808,5130,2568
710588934686908417,4874,2053
710296729921429505,2529,804
710283270106132480,2276,564
710272297844797440,4836,1378
710269109699739648,2568,1230
710153181850935296,3103,971
710140971284037632,2956,978
710117014656950272,5880,2179
709918798883774466,3186,1174
709901256215666688,720,109
709852847387627521,3748,1303
709566166965075968,3772,1324
709556954897764353,3510,1164
709519240576036864,1591,263
709449600415961088,2379,646
709409458133323776,2800,765
709225125749587968,2562,627
709207347839836162,13479,6389
709198395643068416,2576,699
709179584944730112,2154,738
709158332880297985,2188,454
709042156699303936,5099,1801
708853462201716736,1913,719
708845821941387268,3174,982
708834316713893888,1823,551
708810915978854401,17657,7624
708738143638450176,2932,891
708711088997666817,2726,798
708479650088034305,2722,744
708469915515297792,3292,897
708400866336894977,17147,11064
708356463048204288,3860,1478
708349470027751425,2517,808
708149363256774660,4563,1689
708130923141795840,3624,919
708119489313951744,2872,1069
708109389455101952,2071,591
708026248782585858,4668,2108
707995814724026368,3319,1227
707983188426153984,51,2
707969809498152960,2885,1064
707776935007539200,3507,1039
707741517457260545,2663,670
707738799544082433,4389,2706
707693576495472641,3666,1095
707629649552134146,2762,959
707610948723478529,18165,7036
707420581654872064,2441,768
707411934438625280,2436,655
707387676719185920,3755,1435
707377100785885184,3524,1179
707315916783140866,2643,705
707297311098011648,2950,879
707059547140169728,2756,741
707038192327901184,2355,878
707021089608753152,4345,1507
707014260413456384,2462,647
706904523814649856,15614,8599
706901761596989440,2213,662
706681918348251136,3553,1061
706644897839910912,2760,1200
706593038911545345,2310,690
706538006853918722,3704,1541
706516534877929472,3322,1131
706346369204748288,3689,1008
706310011488698368,22987,8774
706291001778950144,1818,511
706265994973601792,2916,1004
706169069255446529,4200,2440
706166467411222528,5511,1766
706153300320784384,1600,421
705975130514706432,3326,810
705970349788291072,3367,977
705898680587526145,2542,620
705786532653883392,2092,581
705591895322394625,3398,1268
705475953783398401,3174,1013
705442520700944385,4775,1811
705428427625635840,4086,1865
705239209544720384,3216,821
705223444686888960,2764,881
705102439679201280,2308,566
705066031337840642,2329,663
704871453724954624,4524,1221
704859558691414016,2416,601
704847917308362754,5479,1688
704819833553219584,2834,1107
704761120771465216,7124,3182
704499785726889984,3150,1092
704491224099647488,820,93
704480331685040129,3646,1161
704364645503647744,8624,3893
704347321748819968,1694,386
704134088924532736,1623,509
704113298707505153,1989,616
704054845121142784,3135,1004
703774238772166656,1978,510
703769065844768768,3535,1245
703631701117943808,2782,757
703611486317502464,4140,1667
703425003149250560,4080,1514
703407252292673536,2641,761
703382836347330562,3762,1255
703356393781329922,2043,423
703268521220972544,2110,608
703079050210877440,7916,3387
703041949650034688,28371,13775
702932127499816960,2777,796
702899151802126337,1733,493
702684942141153280,3449,1180
702671118226825216,2345,614
702598099714314240,11094,3604
702539513671897089,3076,1056
702332542343577600,3431,1703
702321140488925184,3527,1131
702276748847800320,2653,837
702217446468493312,5156,1472
701981390485725185,3689,1084
701952816642965504,4095,1113
701889187134500865,3825,1513
701805642395348998,3675,1855
701601587219795968,2236,505
701570477911896070,3021,1027
701545186879471618,2842,665
701214700881756160,13151,5634
700890391244103680,2384,629
700864154249383937,2778,669
700847567345688576,2605,546
700796979434098688,2610,1046
700747788515020802,24549,10314
700518061187723268,2822,875
700505138482569216,2443,625
700462010979500032,4447,1975
700167517596164096,2845,819
700151421916807169,2403,727
700143752053182464,8100,3031
700062718104104960,2832,760
700029284593901568,2219,637
700002074055016451,3548,1476
699801817392291840,3271,1058
699788877217865730,2411,543
699779630832685056,2970,1356
699775878809702401,2099,669
699691744225525762,11006,5038
699446877801091073,6370,2865
699434518667751424,2329,559
699423671849451520,1467,363
699413908797464576,2212,676
699370870310113280,2015,482
699323444782047232,3391,951
699088579889332224,2397,692
699079609774645248,2622,717
699072405256409088,3226,1298
699060279947165696,4053,1992
699036661657767936,2801,1309
698989035503689728,3635,1082
698953797952008193,2903,987
698907974262222848,2726,680
698710712454139905,2656,752
698703483621523456,1559,415
698635131305795584,1376,374
698549713696649216,2486,679
698355670425473025,2005,493
698342080612007937,2432,1041
698262614669991936,5100,2209
698195409219559425,18011,6557
698178924120031232,3018,809
697995514407682048,1635,364
697990423684476929,3526,1419
697943111201378304,2575,756
697881462549430272,3241,1302
697630435728322560,1873,592
697616773278015490,3385,1110
697596423848730625,3249,1381
697575480820686848,2195,553
697516214579523584,2228,1245
697482927769255936,2599,744
697463031882764288,3663,1513
697270446429966336,5016,2040
697259378236399616,3529,1096
697255105972801536,3243,1275
697242256848379904,2697,733
696900204696625153,3430,1124
696894894812565505,2523,739
696886256886657024,5183,1961
696877980375769088,2628,782
696754882863349760,1579,389
696744641916489729,2236,1042
696713835009417216,2553,719
696518437233913856,4189,1851
696490539101908992,1312,162
696488710901260288,2728,1133
696405997980676096,3449,1248
696100768806522880,2078,726
695816827381944320,3219,1283
695794761660297217,3417,854
695767669421768709,2010,819
695629776980148225,4911,2317
695446424020918272,4665,1982
695409464418041856,9241,3914
695314793360662529,3915,1621
695095422348574720,2827,674
695074328191332352,3053,1210
695064344191721472,1723,659
695051054296211456,2859,865
694925794720792577,2897,1009
694905863685980160,2968,1029
694669722378485760,38233,15869
694356675654983680,1618,317
694352839993344000,2184,681
694342028726001664,1686,532
694329668942569472,2155,549
694206574471057408,4498,2242
694183373896572928,3152,1017
694001791655137281,3630,1134
693993230313091072,2007,444
693942351086120961,1853,405
693647888581312512,2896,652
693644216740769793,1442,142
693642232151285760,2730,456
693629975228977152,2631,879
693622659251335168,1653,407
693590843962331137,5440,2160
693582294167244802,1764,282
693486665285931008,1903,684
693280720173801472,3602,1363
693267061318012928,2557,900
693262851218264065,2393,550
693231807727280129,3069,807
693155686491000832,8480,3521
693109034023534592,1842,672
693095443459342336,2011,507
692919143163629568,2863,817
692905862751522816,2617,966
692901601640583168,1926,662
692894228850999298,2445,885
692828166163931137,3090,964
692752401762250755,7336,3999
692568918515392513,4652,1685
692535307825213440,3431,1488
692530551048294401,1982,460
692423280028966913,1582,254
692417313023332352,10061,3814
692187005137076224,2702,901
692158366030913536,2311,877
692142790915014657,1762,430
692041934689402880,3641,1396
692017291282812928,3075,1051
691820333922455552,4233,1807
691793053716221953,8740,4614
691756958957883396,3107,1126
691675652215414786,2079,559
691483041324204033,2546,630
691459709405118465,4356,1260
691444869282295808,2843,932
691416866452082688,20801,8412
691321916024623104,2771,723
691096613310316544,3178,983
691090071332753408,1829,374
690989312272396288,6358,3162
690959652130045952,3838,1382
690938899477221376,4443,2195
690932576555528194,3529,1117
690735892932222976,4047,1409
690728923253055490,2323,572
690690673629138944,2490,869
690649993829576704,1405,308
690607260360429569,311,19
690597161306841088,2107,660
690400367696297985,2002,495
690374419777196032,3485,951
690360449368465409,2859,978
690348396616552449,1610,559
690248561355657216,1808,454
690021994562220032,2994,1140
690015576308211712,2687,810
690005060500217858,3924,1857
689999384604450816,1529,413
689993469801164801,1576,503
689977555533848577,1464,489
689905486972461056,2602,762
689877686181715968,3236,1306
689835978131935233,2321,827
689661964914655233,3427,1015
689659372465688576,11173,4288
689623661272240129,2403,717
689599056876867584,12505,6083
689557536375177216,2208,509
689517482558820352,3639,1570
689289219123089408,2418,1018
689283819090870273,3528,1216
689280876073582592,2146,791
689275259254616065,1241,272
689255633275777024,2756,1182
689154315265683456,3284,1105
689143371370250240,2180,569
688916208532455424,2929,959
688908934925697024,2270,848
688898160958271489,2257,868
688894073864884227,2399,771
688828561667567616,1475,407
688804835492233216,1026,215
688789766343622656,2376,729
688547210804498433,2797,771
688519176466644993,2473,802
688385280030670848,9987,4901
688211956440801280,2386,921
688179443353796608,2271,647
688116655151435777,3027,863
688064179421470721,1841,395
687841446767013888,5878,2790
687826841265172480,2933,1254
687818504314159109,2692,1055
687807801670897665,2565,768
687732144991551489,1888,725
687704180304273409,2620,932
687664829264453632,2084,564
687494652870668288,2055,635
687480748861947905,1713,274
687476254459715584,2125,593
687460506001633280,2192,595
687399393394311168,2033,688
687317306314240000,21600,10100
687312378585812992,4675,2093
687127927494963200,5867,2520
687124485711986689,2322,557
687109925361856513,6233,2722
687102708889812993,2510,1091
687096057537363968,2406,673
686947101016735744,9251,3493
686760001961103360,3767,1513
686749460672679938,3737,1615
686730991906516992,4457,1316
686683045143953408,3010,885
686618349602762752,3947,1500
686606069955735556,2026,595
686394059078897668,1888,752
686386521809772549,3483,977
686377065986265092,2378,621
686358356425093120,2357,753
686286779679375361,4293,1840
686050296934563840,2368,813
686035780142297088,1242,134
686034024800862208,3344,1294
686007916130873345,2652,460
686003207160610816,1954,705
685973236358713344,2266,590
685943807276412928,1756,675
685906723014619143,8082,3209
685681090388975616,2173,139
685667379192414208,2507,638
685663452032069632,3481,1609
685641971164143616,3144,855
685547936038666240,35424,17280
685532292383666176,3265,1270
685325112850124800,10210,4404
685321586178670592,2846,712
685315239903100929,3596,1189
685307451701334016,2215,483
685268753634967552,3339,1335
685198997565345792,2493,737
685169283572338688,4392,1575
684969860808454144,2465,422
684959798585110529,7152,3445
684940049151070208,3451,1154
684926975086034944,3765,526
684914660081053696,3760,1612
684902183876321280,2009,588
684880619965411328,2251,912
684830982659280897,37700,23798
684800227459624960,2915,1090
684594889858887680,9605,3903
684588130326986752,4419,1553
684567543613382656,3227,1367
684538444857667585,2849,1061
684481074559381504,4146,1291
684460069371654144,2119,613
684241637099323392,8773,3636
684225744407494656,1332,233
684222868335505415,4128,1527
684200372118904832,2330,1135
684195085588783105,2055,572
684188786104872960,3734,1299
684177701129875456,2168,740
684147889187209216,3196,1650
684122891630342144,2133,526
684097758874210310,4412,1582
683857920510050305,4074,1228
683852578183077888,2064,388
683849932751646720,2816,1082
683834909291606017,2817,1221
683828599284170753,2995,1162
683773439333797890,3598,1487
683742671509258241,7005,3671
683515932363329536,7902,3199
683498322573824003,3394,1055
683481228088049664,2822,1090
683462770029932544,2616,740
683449695444799489,4179,1771
683391852557561860,8165,2627
683357973142474752,3161,1037
683142553609318400,3093,1151
683111407806746624,3652,1007
683098815881154561,2322,717
683078886620553216,2127,617
683030066213818368,2315,806
682962037429899265,39796,18447
682808988178739200,1904,204
682788441537560576,2651,1232
682750546109968385,1628,479
682697186228989953,1411,394
682662431982772225,3265,1180
682638830361513985,2206,659
682429480204398592,3677,1278
682406705142087680,8137,1949
682393905736888321,2386,752
682389078323662849,1788,511
682303737705140231,3304,1101
682259524040966145,4473,1347
682242692827447297,3490,1302
682088079302213632,19689,10943
682059653698686977,5320,1869
682047327939461121,3448,1063
682032003584274432,7059,2225
682003177596559360,3377,1679
681981167097122816,2968,1133
681891461017812993,2646,919
681694085539872773,13721,4449
681679526984871937,1882,489
681654059175129088,2838,1024
681610798867845120,2049,519
681579835668455424,3806,1447
681523177663676416,15380,6420
681340665377193984,1761,306
681339448655802368,9968,4472
681320187870711809,2852,841
681302363064414209,4231,2017
681297372102656000,3412,1057
681281657291280384,3446,1213
681261549936340994,1558,300
681242418453299201,1605,603
681231109724700672,2559,530
681193455364796417,3982,1637
680970795137544192,2597,725
680959110691590145,4882,2190
680940246314430465,3453,1169
680934982542561280,2223,485
680913438424612864,2558,683
680889648562991104,1895,404
680836378243002368,3688,1474
680805554198020098,2320,730
680801747103793152,2541,909
680798457301471234,3061,1147
680609293079592961,2823,785
680583894916304897,3856,1473
680497766108381184,4534,2108
680494726643068929,1836,530
680473011644985345,2714,822
680440374763077632,1552,552
680221482581123072,1559,319
680206703334408192,3040,1291
680191257256136705,2295,561
680176173301628928,4178,1717
680161097740095489,2477,805
680145970311643136,3875,1915
680130881361686529,2458,1045
680115823365742593,2902,1003
680100725817409536,3813,1508
680085611152338944,13678,9788
680070545539371008,2751,963
680055455951884288,17891,7845
679877062409191424,2102,706
679872969355714560,2318,726
679862121895714818,2630,684
679854723806179328,3071,1356
679844490799091713,2535,859
679828447187857408,38832,15408
679777920601223168,3303,1235
679736210798047232,2242,883
679729593985699840,2314,908
679722016581222400,1771,521
679530280114372609,5089,2281
679527802031484928,2836,802
679511351870550016,3611,1417
679503373272485890,3389,1630
679475951516934144,2246,703
679462823135686656,34050,20727
679405845277462528,2543,1329
679158373988876288,23023,8928
679148763231985668,2966,1132
679132435750195208,3175,1277
679111216690831360,6389,2816
679062614270468097,18308,9051
679047485189439488,2407,753
679001094530465792,3014,1354
678991772295516161,2490,1285
678969228704284672,1753,507
678800283649069056,2749,988
678798276842360832,3727,1305
678774928607469569,2967,1012
678767140346941444,3767,1508
678764513869611008,1740,526
678755239630127104,7631,3646
678740035362037760,4001,1874
678708137298427904,5942,2673
678675843183484930,3070,1634
678643457146150913,2189,471
678446151570427904,4262,1730
678424312106393600,5776,2790
678410210315247616,4527,2005
678399652199309312,61938,30331
678396796259975168,1691,460
678389028614488064,1987,459
678380236862578688,2596,988
678341075375947776,1841,590
678334497360859136,1382,294
678278586130948096,12248,6653
678255464182861824,1688,407
678023323247357953,2052,426
678021115718029313,14666,6969
677961670166224897,3625,1832
677918531514703872,1434,445
677895101218201600,5148,2320
677716515794329600,3243,1068
677700003327029250,3599,1568
677698403548192770,1301,348
677687604918272002,2625,920
677673981332312066,3547,1634
677662372920729601,2077,1067
677644091929329666,1997,869
677573743309385728,2274,798
677565715327688705,1370,500
677557565589463040,2595,1271
677547928504967168,7373,3964
677530072887205888,1129,244
677335745548390400,3247,1954
677334615166730240,1439,320
677331501395156992,1157,259
677328882937298944,3858,1633
677314812125323265,1750,586
677301033169788928,1324,452
677269281705472000,2110,767
677228873407442944,3759,1785
677187300187611136,2905,1002
676975532580409345,2940,1169
676957860086095872,2338,884
676949632774234114,1376,428
676948236477857792,2300,952
676946864479084545,1807,410
676942428000112642,2202,831
676936541936185344,13494,5364
676916996760600576,3151,1952
676897532954456065,2378,793
676864501615042560,2233,781
676821958043033607,24519,17047
676819651066732545,1909,722
676811746707918848,1503,459
676776431406465024,5288,2186
676617503762681856,3071,1073
676613908052996102,1153,210
676606785097199616,1994,478
676603393314578432,1238,426
676593408224403456,4842,2345
676590572941893632,975,139
676588346097852417,2475,866
676582956622721024,1276,306
676575501977128964,2736,1227
676533798876651520,1986,605
676496375194980353,1598,581
676470639084101634,12348,5088
676440007570247681,1819,732
676430933382295552,1475,374
676263575653122048,2186,591
676237365392908289,1290,322
676219687039057920,79152,33774
676215927814406144,1834,639
676191832485810177,2406,1112
676146341966438401,2029,724
676121918416756736,2269,1268
676101918813499392,2970,1252
676098748976615425,3185,1562
676089483918516224,1387,464
675898130735476737,1732,630
675891555769696257,2252,947
675888385639251968,2519,1038
675878199931371520,4423,1528
675870721063669760,1736,611
675853064436391936,2843,1410
675849018447167488,998,165
675845657354215424,2415,966
675822767435051008,1609,575
675820929667219457,1107,248
675798442703122432,10849,3672
675781562965868544,1702,513
675740360753160193,1224,374
675710890956750848,1999,899
675707330206547968,2099,746
675706639471788032,680,103
675534494439489536,1905,452
675531475945709568,1243,417
675522403582218240,1093,307
675517828909424640,1380,492
675501075957489664,18090,6301
675497103322386432,3310,1406
675489971617296384,1364,647
675483430902214656,1943,1051
675432746517426176,1596,613
675372240448454658,1799,546
675362609739206656,1104,250
675354435921575936,34521,18512
675349384339542016,4148,2446
675334060156301312,2931,1391
675166823650848770,3811,1744
675153376133427200,6624,2811
675149409102012420,3932,1819
675147105808306176,994,260
675146535592706048,1258,338
675145476954566656,2245,968
675135153782571009,1364,530
675113801096802304,2054,845
675111688094527488,1012,273
675109292475830276,2928,1218
675047298674663426,1113,354
675015141583413248,2847,1291
675006312288268288,1024,243
675003128568291329,1629,505
674999807681908736,2365,1193
674805413498527744,907,381
674800520222154752,3158,930
674793399141146624,2634,1176
674790488185167872,1153,271
674788554665512960,848,223
674781762103414784,2097,1301
674774481756377088,1184,513
674767892831932416,1927,858
674764817387900928,829,257
674754018082705410,1427,481
674752233200820224,1541,501
674743008475090944,1469,589
674742531037511680,514,54
674739953134403584,1171,423
674737130913071104,673,99
674690135443775488,1202,499
674670581682434048,1697,700
674664755118911488,967,271
674646392044941312,1501,539
674644256330530816,1076,295
674638615994089473,1759,629
674632714662858753,1567,617
674606911342424069,986,109
674468880899788800,6509,2210
674447403907457024,1111,382
674436901579923456,1167,420
674422304705744896,1494,571
674416750885273600,712,149
674410619106390016,1250,501
674394782723014656,1565,615
674372068062928900,889,332
674330906434379776,584,77
674318007229923329,1478,553
674307341513269249,11875,7435
674291837063053312,15468,6332
674271431610523648,1641,777
674269164442398721,936,245
674265582246694913,1715,901
674262580978937856,1355,488
674255168825880576,1533,601
674082852460433408,784,181
674075285688614912,1020,306
674063288070742018,6657,2380
674053186244734976,3480,1402
674051556661161984,1518,516
674045139690631169,1476,690
674042553264685056,752,137
674038233588723717,1148,437
674036086168010753,878,233
674024893172875264,1870,1312
674019345211760640,1182,322
674014384960745472,1638,693
674008982932058114,1254,377
673956914389192708,2041,1036
673919437611909120,1218,388
673906403526995968,3331,1744
673887867907739649,973,267
673716320723169284,3212,813
673715861853720576,3709,2237
673711475735838725,1084,318
673709992831262724,886,296
673708611235921920,1118,308
673707060090052608,1150,420
673705679337693185,1312,422
673700254269775872,1492,609
673697980713705472,3973,2092
673689733134946305,1817,689
673688752737402881,1318,527
673686845050527744,1506,465
673680198160809984,1426,501
673662677122719744,1304,384
673656262056419329,751,259
673636718965334016,1169,395
673612854080196609,1654,775
673583129559498752,1241,392
673580926094458881,864,284
673576835670777856,1441,596
673363615379013632,1064,331
673359818736984064,1521,712
673355879178194945,1553,627
673352124999274496,1719,575
673350198937153538,763,223
673345638550134785,2631,1373
673343217010679808,1011,283
673342308415348736,1319,630
673320132811366400,14110,8465
673317986296586240,902,281
673295268553605120,7846,3379
673270968295534593,1107,394
673240798075449344,1475,772
673213039743795200,2346,900
673148804208660480,1772,669
672997845381865473,2044,764
672995267319328768,994,316
672988786805112832,1013,305
672984142909456390,1299,574
672980819271634944,1878,1052
672975131468300288,1757,978
672970152493887488,997,376
672968025906282496,1368,586
672964561327235073,1480,683
672902681409806336,1421,534
672898206762672129,924,445
672884426393653248,1620,880
672877615439593473,1067,391
672834301050937345,1369,610
672828477930868736,1305,518
672640509974827008,1010,340
672622327801233409,1350,523
672614745925664768,1273,624
672609152938721280,1158,410
672604026190569472,1161,431
672594978741354496,1379,641
672591762242805761,990,351
672591271085670400,757,198
672538107540070400,1066,394
672523490734551040,677,182
672488522314567680,1155,466
672482722825261057,1181,642
672481316919734272,740,129
672475084225949696,1497,744
672466075045466113,1413,573
672272411274932228,6721,3590
672267570918129665,1556,647
672264251789176834,1192,363
672256522047614977,2931,1654
672254177670729728,1482,782
672248013293752320,1791,642
672245253877968896,713,164
672239279297454080,929,337
672231046314901505,1916,1065
672222792075620352,815,224
672205392827572224,2349,1226
672169685991993344,1057,393
672160042234327040,905,382
672139350159835138,1827,767
672125275208069120,2504,1212
672095186491711488,1034,388
672082170312290304,981,387
672068090318987265,1353,545
671896809300709376,8800,4407
671891728106971137,1384,596
671882082306625538,3608,1455
671879137494245376,1478,728
671874878652489728,1303,584
671866342182637568,1170,533
671855973984772097,955,483
671789708968640512,7357,3696
671768281401958400,1240,553
671763349865160704,1751,975
671744970634719232,1399,818
671743150407421952,770,240
671735591348891648,1499,793
671729906628341761,8900,4636
671561002136281088,13401,7691
671550332464455680,951,219
671547767500775424,1410,632
671544874165002241,2077,1110
671542985629241344,1136,599
671538301157904385,961,418
671536543010570240,1225,435
671533943490011136,1070,611
671528761649688577,874,272
671520732782923777,1455,562
671518598289059840,985,306
671511350426865664,1681,771
671504605491109889,7327,3747
671497587707535361,958,472
671488513339211776,1052,496
671486386088865792,605,217
671485057807351808,792,243
671390180817915904,1472,782
671362598324076544,1163,310
671357843010908160,415,155
671355857343524864,496,118
671347597085433856,1010,461
671186162933985280,768,228
671182547775299584,1167,363
671166507850801152,909,375
671163268581498880,1733,1176
671159727754231808,388,86
671154572044468225,747,229
671151324042559489,697,161
671147085991960577,699,242
671141549288370177,1213,692
671138694582165504,967,426
671134062904504320,777,205
671122204919246848,3643,2691
671115716440031232,1404,817
671109016219725825,1189,464
670995969505435648,1150,309
670842764863651840,25551,9310
670840546554966016,617,206
670838202509447168,1161,736
670833812859932673,464,131
670832455012716544,765,231
670826280409919488,5803,4319
670823764196741120,805,201
670822709593571328,633,102
670815497391357952,3315,1644
670811965569282048,1174,285
670807719151067136,1191,520
670804601705242624,2046,1005
670803562457407488,351,93
670797304698376195,758,249
670792680469889025,866,293
670789397210615808,690,254
670786190031921152,627,213
670783437142401025,851,419
670782429121134593,1642,831
670780561024270336,807,305
670778058496974848,339,76
670764103623966721,1117,452
670755717859713024,466,120
670733412878163972,997,537
670727704916926465,866,391
670717338665226240,1268,528
670704688707301377,789,392
670691627984359425,610,256
670679630144274432,779,308
670676092097810432,261,45
670668383499735048,11167,5353
670474236058800128,1588,811
670468609693655041,364,89
670465786746662913,1011,587
670452855871037440,569,220
670449342516494336,1237,712
670444955656130560,6983,2093
670442337873600512,677,206
670435821946826752,1096,556
670434127938719744,1467,688
670433248821026816,335,121
670428280563085312,1449,675
670427002554466305,538,174
670421925039075328,1365,682
670420569653809152,656,332
670417414769758208,587,341
670411370698022913,2126,960
670408998013820928,581,237
670403879788544000,449,168
670385711116361728,583,227
670374371102445568,768,286
670361874861563904,340,71
670338931251150849,444,118
670319130621435904,4010,1308
670303360680108032,442,143
670290420111441920,736,300
670093938074779648,1077,358
670086499208155136,725,267
670079681849372674,2325,1336
670073503555706880,1628,840
670069087419133954,659,262
670061506722140161,796,367
670055038660800512,694,351
670046952931721218,674,187
670040295598354432,783,117
670037189829525505,610,296
670003130994700288,345,98
669993076832759809,337,89
669972011175813120,461,171
669970042633789440,313,64
669942763794931712,528,180
669926384437997569,394,111
669923323644657664,245,61
669753178989142016,840,425
669749430875258880,282,68
669684865554620416,544,94
669683899023405056,408,116
669682095984410625,368,141
669680153564442624,697,304
669661792646373376,841,463
669625907762618368,3686,1914
669603084620980224,988,392
669597912108789760,534,160
669583744538451968,1549,989
669573570759163904,450,153
669571471778410496,1652,1064
669567591774625800,243,60
669564461267722241,402,129
669393256313184256,378,81
669375718304980992,1391,766
669371483794317312,515,190
669367896104181761,477,166
669363888236994561,652,242
669359674819481600,381,131
669354382627049472,2822,1347
669353438988365824,672,271
669351434509529089,462,198
669328503091937280,1051,440
669327207240699904,599,121
669324657376567296,513,218
669216679721873412,937,409
669214165781868544,460,178
669203728096960512,1049,506
669037058363662336,683,328
669015743032369152,767,392
669006782128353280,597,264
669000397445533696,21702,6746
668994913074286592,458,248
668992363537309700,780,369
668989615043424256,710,345
668988183816871936,936,500
668986018524233728,574,177
668981893510119424,563,326
668979806671884288,827,374
668975677807423489,1363,619
668967877119254528,154,25
668960084974809088,737,251
668955713004314625,295,74
668932921458302977,281,61
668902994700836864,330,106
668892474547511297,412,161
668872652652679168,550,314
668852170888998912,470,174
668826086256599040,456,147
668815180734689280,596,285
668779399630725120,733,397
668655139528511488,552,229
668645506898350081,933,573
668643542311546881,923,562
668641109086707712,1123,564
668636665813057536,1084,510
668633411083464705,2939,1746
668631377374486528,747,338
668627278264475648,332,122
668625577880875008,411,140
668623201287675904,1510,829
668620235289837568,216,46
668614819948453888,636,334
668587383441514497,1728,1146
668567822092664832,255,61
668544745690562560,543,239
668542336805281792,483,226
668537837512433665,259,78
668528771708952576,485,237
668507509523615744,339,113
668496999348633600,428,139
668484198282485761,441,249
668480044826800133,480,155
668466899341221888,923,545
668297328638447616,643,313
668291999406125056,259,34
668286279830867968,525,144
668274247790391296,857,243
668268907921326080,574,252
668256321989451776,1351,650
668248472370458624,1028,511
668237644992782336,6454,3003
668226093875376128,314,110
668221241640230912,525,209
668204964695683073,576,204
668190681446379520,676,205
668171859951755264,511,202
668154635664932864,513,330
668142349051129856,581,302
668113020489474048,690,258
667937095915278337,1323,839
667924896115245057,309,117
667915453470232577,218,58
667911425562669056,511,318
667902449697558528,876,390
667886921285246976,1969,1150
667885044254572545,848,509
667878741721415682,406,124
667873844930215936,651,427
667866724293877760,3103,1085
667861340749471744,250,82
667832474953625600,294,65
667806454573760512,1091,524
667801013445750784,338,98
667793409583771648,721,345
667782464991965184,426,254
667773195014021121,240,59
667766675769573376,461,230
667728196545200128,386,159
667724302356258817,505,333
667550904950915073,0,35
667550882905632768,0,33
667549055577362432,5992,2399
667546741521195010,344,133
667544320556335104,896,550
667538891197542400,209,70
667534815156183040,845,562
667530908589760512,489,255
667524857454854144,1754,1170
667517642048163840,380,198
667509364010450944,7000,2219
667502640335572993,550,227
667495797102141441,547,288
667491009379606528,550,237
667470559035432960,265,101
667455448082227200,196,65
667453023279554560,320,93
667443425659232256,808,607
667437278097252352,464,249
667435689202614272,313,85
667405339315146752,479,225
667393430834667520,202,58
667369227918143488,377,170
667211855547486208,506,251
667200525029539841,630,272
667192066997374976,400,110
667188689915760640,766,433
667182792070062081,14767,6464
667177989038297088,194,57
667176164155375616,628,474
667174963120574464,255,86
667171260800061440,228,95
667165590075940865,2759,1193
667160273090932737,262,65
667152164079423490,48845,17781
667138269671505920,4743,2311
667119796878725120,336,133
667090893657276420,340,130
667073648344346624,413,127
667070482143944705,85,14
667065535570550784,169,49
667062181243039745,222,56
667044094246576128,191,51
667012601033924608,461,235
666996132027977728,248,98
666983947667116034,2621,1017
666837028449972224,839,568
666835007768551424,220,81
666826780179869698,258,99
666817836334096384,532,259
666804364988780544,244,94
666786068205871104,783,501
666781792255496192,397,203
666776908487630848,358,178
666739327293083650,240,67
666701168228331520,441,223
666691418707132416,190,48
666649482315059201,897,595
666644823164719104,236,85
666454714377183233,529,213
666447344410484738,105,22
666437273139982337,129,50
666435652385423360,168,54
666430724426358785,321,199
666428276349472768,166,84
666421158376562688,319,114
666418789513326592,127,47
666411507551481857,450,330
666407126856765440,111,41
666396247373291520,168,86
666373753744588802,190,93
666362758909284353,783,577
666353288456101888,224,73
666345417576210432,301,140
666337882303524864,199,92
666293911632134144,512,358
666287406224695296,150,68
666273097616637952,178,76
666268910803644416,105,35
666104133288665088,14427,6670
666102155909144576,79,13
666099513787052032,158,69
666094000022159362,166,76
666082916733198337,119,45
666073100786774016,324,169
666071193221509120,148,62
666063827256086533,479,223
666058600524156928,112,58
666057090499244032,298,142
666055525042405380,438,257
666051853826850816,1230,855
666050758794694657,133,58
666049248165822465,109,40
666044226329800704,300,141
666033412701032449,125,44
666029285002620928,130,47
666020888022790149,2564,519
